0 99 11
1 124 12
2 157 13
3 200 14
4 254 15
5 305 17
6 356 21
7 408 23
8 472 25
9 555 30
10 635 33
11 744 38
12 834 43
13 938 42
14 1053 47
15 1224 49
16 1363 53
17 1534 60
18 1678 68
19 1838 68
20 1962 81
21 2071 88
22 2131 97
23 2203 104
24 2254 117
25 2289 131
26 2281 142
27 2267 157
28 2216 180
29 2060 192
30 1911 211
31 1714 223
32 1576 238
33 1315 261
34 1120 287
35 991 307
36 870 306
37 701 314
38 609 326
39 506 344
40 443 357
41 383 359
42 309 338
43 274 317
44 252 299
45 248 305
46 239 286
47 247 289
48 256 278
49 263 262
50 279 246
51 290 236
52 314 225
53 338 205
54 396 187
55 430 179
56 470 176
57 480 165
58 507 167
59 560 162
60 609 158
61 675 128
62 755 111
63 787 103
64 870 112
65 930 125
66 997 127
67 1061 138
68 1123 151
69 1162 168
70 1212 192
71 1260 201
72 1254 223
73 1286 236
74 1312 247
75 1397 272
76 1417 303
77 1425 322
78 1398 343
79 1359 350
80 1316 390
81 1259 434
82 1197 447
83 1108 470
84 1021 495
85 962 531
86 895 557
87 859 576
88 790 639
89 717 680
90 625 693
91 569 711
92 506 730
93 415 754
94 376 817
95 345 877
96 288 891
97 263 914
98 248 952
99 227 923
100 203 928
101 182 950
102 172 945
103 186 932
104 161 895
105 152 883
106 137 835
107 138 830
108 138 765
109 137 736
110 152 690
111 160 693
112 169 629
113 177 617
114 195 578
115 215 527
116 231 522
117 249 524
118 262 507
119 289 474
120 326 464
121 367 442
122 393 448
123 437 434
124 472 405
125 514 419
126 569 432
127 590 424
128 615 428
129 652 438
130 675 428
131 661 451
132 667 469
133 640 514
134 653 549
135 678 575
136 674 620
137 657 664
138 635 709
139 607 731
140 565 776
141 523 859
142 462 923
143 430 1014
144 393 1078
145 332 1162
146 314 1206
147 299 1276
148 270 1292
149 271 1375
150 272 1363
151 263 1382
152 264 1418
153 262 1430
154 252 1451
155 260 1449
156 274 1383
157 265 1390
158 268 1379
159 259 1406
160 266 1395
161 272 1380
162 254 1295
163 258 1248
164 248 1239
165 230 1191
166 244 1130
167 214 1148
168 191 1179
169 176 1169
170 161 1156
171 151 1173
172 147 1208
173 131 1218
174 119 1246
175 114 1229
176 108 1214
177 101 1222
178 109 1225
179 114 1223
180 121 1241
181 139 1245
182 147 1258
183 150 1276
184 161 1339
185 177 1321
186 178 1287
187 182 1296
188 187 1295
189 213 1296
190 230 1291
191 247 1320
192 265 1296
193 284 1289
194 292 1279
195 304 1223
196 310 1190
197 331 1185
198 350 1154
199 367 1129
200 410 1060
201 429 1038
202 440 1043
203 431 1064
204 418 1037
205 423 1047
206 423 1054
207 415 1077
208 392 1091
209 359 1104
210 334 1146
211 307 1167
212 270 1198
213 220 1218
214 189 1230
215 167 1262
216 145 1275
217 120 1300
218 105 1352
219 78 1391
220 70 1450
221 54 1513
222 56 1574
223 52 1617
224 53 1648
225 54 1654
226 62 1645
227 70 1631
228 78 1643
229 91 1669
230 94 1662
231 105 1657
232 112 1630
233 105 1627
234 108 1590
235 121 1581
236 126 1503
237 143 1433
238 147 1390
239 158 1325
240 164 1270
241 175 1207
242 189 1153
243 197 1104
244 212 1086
245 224 1081
246 249 1066
247 250 1089
248 270 1063
249 283 1047
250 320 1025
251 336 1004
252 360 980
253 370 953
254 400 964
255 441 971
256 468 964
257 465 947
258 467 946
259 501 981
260 505 997
261 504 1029
262 506 1059
263 552 1126
264 553 1147
265 560 1198
266 582 1258
267 595 1307
268 628 1341
269 644 1393
270 667 1390
271 679 1466
272 712 1514
273 749 1564
274 782 1586
275 847 1661
276 877 1710
277 874 1752
278 869 1813
279 851 1865
280 833 1901
281 809 1971
282 805 2040
283 783 2116
284 768 2178
285 750 2212
286 669 2219
287 611 2298
288 578 2375
289 599 2458
290 601 2570
291 576 2643
292 552 2668
293 556 2730
294 532 2759
295 532 2786
296 494 2746
297 473 2787
298 455 2770
299 461 2783
300 453 2839
301 465 2849
302 472 2798
303 474 2753
304 484 2742
305 506 2676
306 530 2698
307 521 2632
308 515 2551
309 484 2552
310 468 2514
311 485 2459
312 486 2415
313 505 2371
314 521 2319
315 503 2278
316 468 2196
317 463 2215
318 474 2170
319 489 2088
320 505 2088
321 526 2070
322 529 2068
323 545 2035
324 575 2035
325 609 2056
326 651 2081
327 701 2143
328 712 2142
329 717 2129
330 702 2125
331 696 2115
332 672 2181
333 643 2157
334 608 2197
335 587 2225
336 554 2248
337 540 2291
338 526 2340
339 557 2444
340 549 2455
341 542 2490
342 547 2492
343 564 2534
344 549 2649
345 537 2699
346 501 2715
347 489 2677
348 465 2705
349 449 2720
350 450 2774
351 429 2837
352 416 2824
353 397 2841
354 386 2876
355 382 2878
356 361 2845
357 353 2838
358 358 2851
359 358 2837
360 357 2851
361 381 2862
362 422 2888
363 446 2866
364 461 2881
365 484 2927
366 504 2875
367 535 2885
368 542 2947
369 574 2975
370 639 2960
371 668 3010
372 686 2952
373 686 2898
374 669 2923
375 657 2976
376 657 2965
377 659 2927
378 633 2893
379 609 2865
380 639 2841
381 662 2778
382 633 2707
383 621 2683
384 639 2703
385 613 2671
386 609 2677
387 568 2702
388 558 2700
389 527 2675
390 493 2651
391 459 2647
392 419 2537
393 380 2457
394 399 2453
395 400 2435
396 414 2415
397 406 2401
398 418 2351
399 400 2364
400 391 2288
401 394 2254
402 399 2236
403 412 2219
404 418 2201
405 438 2188
406 481 2168
407 493 2130
408 494 2125
409 466 2175
410 451 2198
411 416 2272
412 389 2336
413 363 2345
414 332 2351
415 308 2335
416 281 2372
417 249 2478
418 218 2499
419 211 2493
420 217 2524
421 222 2541
422 225 2578
423 213 2666
424 215 2652
425 215 2618
426 217 2676
427 219 2720
428 232 2764
429 257 2811
430 275 2822
431 304 2873
432 336 2890
433 357 2871
434 354 2797
435 366 2775
436 377 2700
437 398 2695
438 427 2658
439 444 2635
440 487 2610
441 496 2583
442 495 2529
443 498 2499
444 486 2437
445 514 2465
446 517 2492
447 512 2464
448 483 2439
449 498 2422
450 508 2443
451 509 2393
452 518 2378
453 506 2376
454 536 2360
455 548 2396
456 541 2395
457 520 2391
458 529 2333
459 537 2330
460 569 2383
461 568 2412
462 572 2414
463 575 2403
464 578 2396
465 558 2385
466 550 2406
467 530 2411
468 581 2385
469 598 2394
470 590 2348
471 600 2347
472 604 2363
473 587 2350
474 591 2356
475 588 2388
476 594 2425
477 603 2436
478 638 2421
479 626 2432
480 631 2414
481 641 2449
482 643 2475
483 670 2466
484 675 2480
485 708 2493
486 731 2499
487 770 2519
488 788 2499
489 787 2549
490 782 2611
491 784 2633
492 793 2587
493 841 2588
494 862 2548
495 903 2567
496 892 2507
497 889 2516
498 846 2490
499 840 2489
500 844 2485
501 846 2476
502 878 2512
503 916 2571
504 991 2645
505 1046 2616
506 1065 2638
507 1071 2644
508 1011 2646
509 1030 2682
510 1065 2701
511 1079 2722
512 1078 2747
513 1106 2743
514 1140 2732
515 1171 2743
516 1238 2755
517 1275 2690
518 1289 2693
519 1316 2754
520 1369 2796
521 1366 2742
522 1398 2751
523 1405 2739
524 1385 2756
525 1344 2746
526 1356 2722
527 1263 2738
528 1195 2643
529 1172 2642
530 1159 2601
531 1134 2643
532 1111 2683
533 1080 2652
534 1096 2620
535 1120 2634
536 1126 2680
537 1132 2636
538 1153 2666
539 1181 2732
540 1195 2749
541 1247 2812
542 1281 2791
543 1275 2763
544 1316 2758
545 1241 2722
546 1234 2706
547 1234 2702
548 1222 2756
549 1194 2779
550 1212 2784
551 1254 2792
552 1215 2766
553 1223 2764
554 1206 2757
555 1139 2760
556 1042 2787
557 1000 2811
558 931 2854
559 896 2785
560 889 2770
561 856 2766
562 881 2771
563 851 2759
564 811 2697
565 758 2619
566 699 2601
567 716 2597
568 712 2596
569 724 2549
570 736 2520
571 731 2530
572 731 2527
573 742 2559
574 696 2624
575 686 2644
576 667 2647
577 658 2695
578 657 2744
579 650 2748
580 650 2786
581 629 2806
582 630 2839
583 617 2875
584 594 2867
585 570 2858
586 534 2858
587 525 2818
588 481 2791
589 468 2793
590 420 2748
591 392 2747
592 350 2739
593 325 2654
594 318 2697
595 319 2765
596 310 2795
597 308 2814
598 303 2764
599 288 2749
600 300 2684
601 296 2692
602 285 2704
603 279 2738
604 260 2692
605 249 2647
606 227 2641
607 218 2628
608 207 2543
609 197 2471
610 199 2475
611 188 2439
612 179 2453
613 164 2390
614 165 2371
615 159 2378
616 158 2353
617 146 2460
618 125 2473
619 103 2479
620 92 2524
621 86 2557
622 83 2522
623 81 2574
624 82 2533
625 66 2588
626 66 2656
627 56 2644
628 50 2701
629 51 2726
630 63 2772
631 71 2786
632 81 2839
633 92 2803
634 91 2799
635 102 2789
636 107 2837
637 112 2800
638 115 2790
639 110 2830
640 126 2844
641 130 2811
642 133 2781
643 134 2752
644 142 2742
645 145 2699
646 143 2651
647 134 2628
648 137 2559
649 155 2502
650 154 2475
651 141 2440
652 144 2433
653 127 2328
654 117 2253
655 115 2191
656 119 2170
657 104 2123
658 110 2057
659 123 2001
660 135 2026
661 148 1941
662 157 1942
663 157 1936
664 165 1889
665 163 1835
666 185 1798
667 196 1762
668 217 1730
669 227 1717
670 226 1688
671 224 1710
672 239 1710
673 246 1681
674 262 1678
675 281 1638
676 282 1594
677 305 1598
678 333 1646
679 332 1637
680 372 1654
681 399 1666
682 432 1688
683 473 1689
684 509 1702
685 538 1718
686 540 1633
687 564 1642
688 621 1654
689 669 1663
690 727 1643
691 755 1620
692 766 1667
693 809 1704
694 859 1741
695 863 1772
696 939 1775
697 988 1843
698 1026 1873
699 1024 1911
700 1014 1953
701 1043 1970
702 1113 2046
703 1132 2060
704 1185 2084
705 1207 2117
706 1241 2172
707 1287 2248
708 1282 2244
709 1314 2283
710 1361 2307
711 1402 2355
712 1409 2407
713 1442 2425
714 1386 2406
715 1347 2437
716 1307 2445
717 1248 2435
718 1247 2513
719 1208 2522
720 1190 2576
721 1199 2574
722 1223 2640
723 1267 2661
724 1285 2667
725 1278 2687
726 1258 2743
727 1250 2797
728 1249 2790
729 1259 2824
730 1291 2808
731 1282 2838
732 1260 2821
733 1245 2782
734 1214 2713
735 1211 2658
736 1171 2633
737 1177 2548
738 1159 2548
739 1125 2491
740 1082 2446
741 1091 2390
742 1083 2386
743 1102 2393
744 1110 2369
745 1111 2326
746 1080 2319
747 1063 2351
748 1022 2377
749 947 2381
750 910 2413
751 850 2450
752 804 2467
753 750 2419
754 757 2456
755 737 2474
756 724 2501
757 689 2489
758 618 2468
759 578 2454
760 509 2478
761 436 2488
762 423 2543
763 420 2554
764 428 2620
765 464 2670
766 482 2684
767 491 2671
768 524 2681
769 561 2796
770 586 2868
771 573 2911
772 553 2983
773 532 3021
774 498 3032
775 475 3053
776 447 3113
777 428 3160
778 373 3176
779 361 3258
780 334 3285
781 350 3340
782 341 3417
783 335 3498
784 337 3496
785 320 3515
786 310 3570
787 282 3558
788 250 3632
789 261 3671
790 236 3610
791 224 3638
792 224 3710
793 218 3638
794 204 3613
795 212 3612
796 212 3640
797 197 3674
798 195 3699
799 180 3782
800 183 3808
801 180 3715
802 168 3754
803 170 3748
804 181 3803
805 190 3787
806 199 3753
807 190 3698
808 209 3735
809 220 3702
810 229 3684
811 259 3642
812 253 3560
813 255 3519
814 263 3495
815 264 3486
816 281 3473
817 296 3381
818 303 3349
819 299 3299
820 303 3235
821 318 3196
822 313 3147
823 303 3072
824 285 3024
825 269 2975
826 260 2896
827 251 2858
828 240 2806
829 234 2704
830 235 2612
831 233 2548
832 244 2505
833 262 2425
834 276 2377
835 284 2378
836 302 2417
837 323 2452
838 342 2518
839 338 2526
840 319 2543
841 322 2520
842 317 2555
843 322 2602
844 306 2639
845 297 2605
846 303 2653
847 289 2660
848 290 2652
849 293 2651
850 287 2734
851 283 2776
852 296 2826
853 301 2799
854 304 2843
855 329 2850
856 346 2903
857 385 2874
858 408 2908
859 427 2879
860 463 2837
861 487 2821
862 515 2794
863 527 2731
864 554 2677
865 594 2674
866 639 2669
867 681 2653
868 748 2652
869 764 2639
870 831 2631
871 857 2601
872 886 2635
873 882 2607
874 877 2608
875 932 2574
876 960 2591
877 974 2601
878 1028 2582
879 1030 2559
880 1121 2567
881 1166 2590
882 1218 2591
883 1258 2614
884 1305 2624
885 1320 2642
886 1310 2645
887 1371 2639
888 1391 2564
889 1423 2537
890 1415 2499
891 1440 2396
892 1460 2381
893 1491 2335
894 1513 2256
895 1479 2237
896 1535 2261
897 1573 2270
898 1611 2341
899 1605 2409
900 1641 2395
901 1668 2425
902 1675 2452
903 1698 2431
904 1670 2434
905 1607 2474
906 1575 2428
907 1552 2434
908 1536 2454
909 1463 2441
910 1396 2488
911 1361 2456
912 1313 2458
913 1279 2409
914 1202 2417
915 1191 2364
916 1138 2314
917 1105 2284
918 1084 2265
919 1043 2258
920 1013 2297
921 953 2281
922 943 2276
923 932 2256
924 901 2286
925 898 2308
926 851 2319
927 827 2298
928 781 2323
929 719 2321
930 671 2368
931 599 2370
932 532 2330
933 491 2396
934 478 2409
935 429 2414
936 389 2399
937 384 2422
938 331 2520
939 309 2606
940 267 2664
941 263 2678
942 243 2723
943 219 2698
944 206 2700
945 203 2787
946 211 2873
947 210 2904
948 215 2922
949 211 2969
950 222 3018
951 222 3065
952 214 3101
953 207 3130
954 187 3145
955 182 3157
956 174 3156
957 174 3195
958 173 3182
959 182 3152
960 181 3105
961 186 3067
962 183 3000
963 195 2977
964 201 2903
965 207 2893
966 219 2869
967 224 2864
968 240 2895
969 223 2841
970 238 2788
971 243 2757
972 224 2721
973 240 2618
974 240 2607
975 239 2516
976 227 2484
977 222 2401
978 230 2369
979 250 2333
980 255 2284
981 270 2301
982 276 2285
983 264 2261
984 277 2221
985 276 2198
986 276 2218
987 270 2140
988 262 2081
989 269 2107
990 287 2105
991 286 2095
992 297 2072
993 292 2073
994 298 2040
995 317 1968
996 320 1956
997 330 1997
998 347 2019
999 357 1991
1000 381 2040
1001 390 2102
1002 391 2086
1003 379 2071
1004 378 2108
1005 381 2098
1006 390 2095
1007 378 2065
1008 406 2018
1009 404 2063
1010 416 2011
1011 361 2024
1012 358 2008
1013 362 2018
1014 360 2021
1015 336 2003
1016 333 1973
1017 320 1983
1018 325 1963
1019 319 1909
1020 311 1919
1021 323 1956
1022 326 1979
1023 350 2015
1024 353 2034
1025 333 2072
1026 315 2101
1027 317 2090
1028 316 2111
1029 319 2093
1030 321 2051
1031 335 2041
1032 351 2058
1033 366 2117
1034 359 2215
1035 364 2280
1036 367 2330
1037 358 2412
1038 360 2421
1039 331 2455
1040 330 2475
1041 336 2493
1042 345 2474
1043 363 2466
1044 384 2498
1045 382 2550
1046 369 2626
1047 350 2576
1048 357 2597
1049 362 2616
1050 370 2583
1051 387 2610
1052 393 2656
1053 371 2641
1054 362 2645
1055 388 2642
1056 386 2639
1057 367 2638
1058 360 2681
1059 376 2620
1060 394 2649
1061 379 2699
1062 392 2682
1063 395 2724
1064 386 2780
1065 375 2733
1066 387 2780
1067 389 2775
1068 390 2802
1069 395 2803
1070 388 2856
1071 397 2846
1072 399 2890
1073 386 2897
1074 403 2851
1075 422 2833
1076 428 2778
1077 416 2802
1078 405 2794
1079 393 2790
1080 379 2800
1081 404 2816
1082 428 2895
1083 456 2909
1084 441 2880
1085 435 2855
1086 421 2863
1087 412 2841
1088 425 2886
1089 439 2850
1090 449 2819
1091 467 2857
1092 504 2826
1093 542 2872
1094 549 2885
1095 565 2921
1096 526 2941
1097 539 3008
1098 571 3042
1099 610 3081
1100 617 3017
1101 633 3107
1102 629 3164
1103 613 3252
1104 627 3233
1105 616 3263
1106 645 3297
1107 664 3327
1108 662 3370
1109 684 3432
1110 705 3460
1111 733 3445
1112 751 3430
1113 735 3437
1114 724 3379
1115 716 3394
1116 711 3323
1117 705 3191
1118 688 3231
1119 687 3214
1120 699 3147
1121 716 3157
1122 738 3103
1123 758 3149
1124 795 3203
1125 816 3222
1126 829 3219
1127 858 3166
1128 887 3233
1129 924 3237
1130 973 3278
1131 1045 3347
1132 1072 3350
1133 1116 3364
1134 1159 3366
1135 1192 3300
1136 1213 3284
1137 1260 3256
1138 1239 3267
1139 1206 3296
1140 1223 3296
1141 1239 3270
1142 1289 3223
1143 1320 3140
1144 1289 3141
1145 1307 3159
1146 1354 3110
1147 1404 3205
1148 1403 3248
1149 1425 3211
1150 1416 3162
1151 1445 3053
1152 1462 3048
1153 1472 3065
1154 1509 3003
1155 1531 2916
1156 1466 2855
1157 1416 2817
1158 1344 2719
1159 1258 2638
1160 1213 2541
1161 1202 2511
1162 1202 2500
1163 1225 2471
1164 1165 2542
1165 1112 2505
1166 1057 2461
1167 997 2390
1168 941 2384
1169 896 2304
1170 874 2301
1171 885 2300
1172 938 2336
1173 955 2316
1174 945 2341
1175 942 2293
1176 933 2322
1177 862 2362
1178 835 2395
1179 792 2382
1180 707 2416
1181 677 2467
1182 648 2447
1183 601 2424
1184 588 2453
1185 570 2397
1186 517 2404
1187 515 2395
1188 506 2350
1189 502 2391
1190 452 2416
1191 398 2444
1192 375 2482
1193 359 2587
1194 370 2607
1195 374 2645
1196 398 2691
1197 401 2696
1198 399 2679
1199 376 2723
1200 336 2732
1201 307 2768
1202 284 2792
1203 280 2812
1204 282 2827
1205 264 2885
1206 257 2913
1207 258 2955
1208 258 3023
1209 244 3091
1210 267 3141
1211 271 3169
1212 292 3135
1213 279 3090
1214 278 3033
1215 271 2957
1216 273 2908
1217 307 2926
1218 336 2930
1219 352 2890
1220 346 2876
1221 346 2879
1222 336 2887
1223 329 2939
1224 328 2946
1225 331 2958
1226 323 2949
1227 318 2962
1228 323 2956
1229 320 2967
1230 255 2976
1231 242 2952
1232 230 2958
1233 208 2946
1234 183 2973
1235 168 2969
1236 140 2991
1237 119 3026
1238 117 3117
1239 101 3098
1240 88 3134
1241 89 3212
1242 73 3262
1243 72 3321
1244 50 3379
1245 47 3391
1246 38 3403
1247 31 3389
1248 30 3359
1249 25 3386
1250 25 3358
1251 27 3294
1252 32 3234
1253 35 3235
1254 41 3226
1255 47 3173
1256 51 3133
1257 46 3130
1258 47 3091
1259 47 3040
1260 49 2992
1261 56 2936
1262 67 2824
1263 78 2766
1264 80 2713
1265 86 2638
1266 86 2604
1267 99 2461
1268 106 2324
1269 110 2207
1270 117 2128
1271 109 2083
1272 111 2007
1273 117 1938
1274 117 1894
1275 115 1885
1276 119 1790
1277 125 1733
1278 119 1685
1279 126 1620
1280 122 1572
1281 133 1577
1282 141 1517
1283 148 1504
1284 155 1469
1285 164 1492
1286 173 1444
1287 189 1443
1288 203 1421
1289 212 1442
1290 230 1472
1291 242 1485
1292 246 1506
1293 251 1527
1294 255 1564
1295 249 1622
1296 242 1643
1297 248 1682
1298 247 1739
1299 228 1755
1300 215 1830
1301 228 1892
1302 236 1928
1303 227 1993
1304 209 1962
1305 208 1983
1306 217 1997
1307 221 2074
1308 218 2156
1309 213 2168
1310 214 2264
1311 214 2380
1312 213 2432
1313 214 2475
1314 218 2513
1315 216 2504
1316 203 2545
1317 211 2569
1318 203 2598
1319 193 2672
1320 185 2669
1321 172 2685
1322 138 2734
1323 116 2788
1324 119 2826
1325 123 2806
1326 129 2800
1327 130 2778
1328 138 2690
1329 150 2689
1330 165 2656
1331 167 2629
1332 171 2603
1333 177 2510
1334 189 2524
1335 206 2513
1336 227 2510
1337 240 2490
1338 268 2448
1339 295 2453
1340 315 2418
1341 325 2417
1342 340 2424
1343 377 2474
1344 388 2476
1345 431 2451
1346 464 2532
1347 473 2537
1348 496 2603
1349 526 2595
1350 490 2586
1351 468 2682
1352 491 2733
1353 504 2731
1354 544 2767
1355 563 2766
1356 561 2791
1357 593 2836
1358 622 2876
1359 616 2885
1360 626 2925
1361 626 2976
1362 646 3009
1363 640 3063
1364 642 3059
1365 680 3079
1366 683 3213
1367 729 3281
1368 765 3344
1369 780 3340
1370 821 3283
1371 831 3226
1372 847 3175
1373 868 3086
1374 851 3044
1375 831 3001
1376 811 3063
1377 770 3059
1378 747 2980
1379 714 2978
1380 654 2933
1381 630 2906
1382 651 2915
1383 665 2910
1384 677 2896
1385 679 2910
1386 658 2950
1387 639 2876
1388 631 2922
1389 613 3004
1390 628 3049
1391 609 3128
1392 623 3193
1393 600 3202
1394 558 3212
1395 527 3239
1396 541 3280
1397 551 3254
1398 544 3257
1399 516 3279
1400 508 3344
1401 527 3352
1402 553 3409
1403 592 3444
1404 602 3469
1405 637 3525
1406 662 3574
1407 697 3595
1408 747 3639
1409 788 3637
1410 805 3645
1411 795 3696
1412 794 3757
1413 781 3743
1414 769 3778
1415 783 3801
1416 777 3787
1417 766 3789
1418 748 3780
1419 709 3743
1420 680 3712
1421 674 3735
1422 669 3687
1423 667 3726
1424 656 3738
1425 632 3788
1426 588 3753
1427 591 3714
1428 561 3709
1429 534 3730
1430 500 3764
1431 463 3750
1432 440 3741
1433 429 3711
1434 391 3683
1435 367 3668
1436 318 3642
1437 282 3676
1438 270 3572
1439 265 3572
1440 245 3605
1441 232 3592
1442 217 3532
1443 207 3591
1444 190 3563
1445 172 3558
1446 152 3587
1447 157 3561
1448 140 3537
1449 116 3565
1450 119 3597
1451 106 3569
1452 107 3631
1453 107 3681
1454 98 3609
1455 86 3592
1456 86 3517
1457 80 3468
1458 70 3473
1459 64 3391
1460 60 3396
1461 56 3345
1462 55 3305
1463 55 3298
1464 50 3323
1465 44 3270
1466 40 3161
1467 29 3130
1468 30 3055
1469 26 3021
1470 27 2996
1471 22 2853
1472 20 2746
1473 23 2635
1474 23 2628
1475 30 2616
1476 28 2571
1477 23 2518
1478 25 2459
1479 26 2480
1480 24 2450
1481 23 2457
1482 22 2351
1483 15 2403
1484 14 2348
1485 9 2311
1486 7 2283
1487 10 2258
1488 12 2188
1489 11 2123
1490 8 2089
1491 8 2016
1492 4 1884
1493 4 1769
1494 2 1706
1495 2 1617
1496 1 1579
1497 0 1514
1498 0 1499
1499 0 1501
1500 0 1479
1501 0 1452
1502 0 1411
1503 0 1400
1504 0 1336
1505 0 1297
1506 0 1216
1507 0 1159
1508 0 1112
1509 0 1067
1510 0 1056
1511 0 1015
1512 0 924
1513 0 870
1514 0 819
1515 0 747
1516 0 707
1517 0 662
1518 0 632
1519 0 567
1520 0 549
1521 0 504
1522 0 480
1523 0 448
1524 0 388
1525 0 353
1526 0 332
1527 0 291
1528 0 278
1529 0 280
1530 0 247
1531 0 220
1532 0 179
1533 0 158
1534 0 142
1535 0 130
1536 0 118
1537 0 111
1538 0 110
1539 0 101
1540 0 94
1541 0 79
1542 0 75
1543 0 65
1544 0 51
1545 0 51
1546 0 42
1547 0 37
1548 0 36
1549 0 31
1550 0 37
1551 0 35
1552 0 28
1553 0 26
1554 0 22
1555 0 14
1556 0 13
1557 0 12
1558 0 10
1559 0 8
1560 0 6
1561 0 3
1562 0 3
1563 0 1
1564 0 1
1565 0 1
1566 0 1
1567 0 2
1568 0 2
1569 0 0
